Delay Values for various input sequences observed at various output nodes
td_0_lh             =  3.601096e-12 targ=  2.000860e-08 trig=  2.000500e-08
td_0_hl             =  3.620959e-12 targ=  3.001862e-08 trig=  3.001500e-08
td_1_lh             =  1.185966e-11 targ=  2.001686e-08 trig=  2.000500e-08
td_1_hl             =  9.118730e-12 targ=  3.002412e-08 trig=  3.001500e-08
td_2_lh             =  1.186059e-11 targ=  1.002686e-08 trig=  1.001500e-08
td_2_hl             =  9.118891e-12 targ=  2.001412e-08 trig=  2.000500e-08
td_3_lh             =  3.818271e-11 targ=  1.005318e-08 trig=  1.001500e-08
td_3_hl             =  2.467338e-11 targ=  2.002967e-08 trig=  2.000500e-08
td_4_lh             =  3.725901e-11 targ=  1.005226e-08 trig=  1.001500e-08
td_4_hl             =  4.354455e-11 targ=  2.004854e-08 trig=  2.000500e-08
td_5_lh             =  2.122146e-11 targ=  2.002622e-08 trig=  2.000500e-08
td_5_hl             =  2.998147e-11 targ=  3.004498e-08 trig=  3.001500e-08
td_6_lh             =  2.466792e-11 targ=  2.002967e-08 trig=  2.000500e-08
td_6_hl             =  4.637416e-11 targ=  3.006137e-08 trig=  3.001500e-08

td_0_lh             =  3.601098e-12 targ=  2.000860e-08 trig=  2.000500e-08
td_0_hl             =  3.620961e-12 targ=  3.001862e-08 trig=  3.001500e-08
td_3_lh             =  6.089189e-11 targ=  6.589189e-11 trig=  5.000000e-12
td_3_hl             =  1.620942e-11 targ=  3.003121e-08 trig=  3.001500e-08

td_0_lh             =  3.601088e-12 targ=  2.000860e-08 trig=  2.000500e-08
td_0_hl             =  3.620961e-12 targ=  3.001862e-08 trig=  3.001500e-08
td_3_lh             =  2.146332e-11 targ=  1.003646e-08 trig=  1.001500e-08
td_3_hl             =  4.333384e-11 targ=  2.004833e-08 trig=  2.000500e-08
td_4_lh             =  2.410057e-11 targ=  1.003910e-08 trig=  1.001500e-08
td_4_hl             =  5.646959e-11 targ=  2.006147e-08 trig=  2.000500e-08

td_1_lh             =  1.120851e-11 targ=  2.001621e-08 trig=  2.000500e-08
td_1_hl             =  9.518033e-12 targ=  3.002452e-08 trig=  3.001500e-08
td_2_lh             =  2.144437e-11 targ=  2.002644e-08 trig=  2.000500e-08
td_2_hl             =  2.405086e-11 targ=  3.003905e-08 trig=  3.001500e-08
td_6_lh             =  4.358810e-11 targ=  2.004859e-08 trig=  2.000500e-08
td_6_hl             =  5.079905e-11 targ=  3.006580e-08 trig=  3.001500e-08	(HIGHEST DELAY AMONG ALL)

td_1_lh             =  1.120840e-11 targ=  2.001621e-08 trig=  2.000500e-08
td_1_hl             =  9.518022e-12 targ=  3.002452e-08 trig=  3.001500e-08
td_2_lh             =  2.142140e-11 targ=  2.002642e-08 trig=  2.000500e-08
td_2_hl             =  2.405075e-11 targ=  3.003905e-08 trig=  3.001500e-08
td_3_lh             =  2.144137e-11 targ=  1.003644e-08 trig=  1.001500e-08
td_3_hl             =  2.405054e-11 targ=  2.002905e-08 trig=  2.000500e-08
td_4_lh             =  2.409845e-11 targ=  1.003910e-08 trig=  1.001500e-08
td_4_hl             =  2.585819e-11 targ=  2.003086e-08 trig=  2.000500e-08



